0000
0045
0054
0070
0087
0097
0102
0111
0117
0140
0150
0166
0184
0202
0207
0229
0240
0266
0278
0307
0328
0357
0383
0399
0425
0454
0482
0497
0508
0522
0540
0554
0582
0589
0605
0621
0634
0642
0650
0662
0672
0683
0697
0711
0724
0746
0771
0788
0808
0838
0851
0868
0888
0906
0917
0930
0939
0949
0957
0961
0966
0971
0982
0992
1001
1014
1030
1043
1053
1072
1091
1098
1104
1111
1118
1132
1153
1162
1178
1189
1199
1210
1228
1241
1258
1275
1294
1308
1316
1326
1333
1348
1357
1365
1380
1405
1427
1452
1494
1519
1547
1567
1596
1604
1628
1661
1683
1697
1705
1719
1741
1754
1780
1801
1815
1831
1839
1851
1861
1871
1877
1887
1896
1912
1922
1935
1948
1953
1962
1972
1981
1991
2002
2029
2040
2049
2061
2093
2119
2139
2150
2166
2183
2189
2211
2225
2286
2345
2367
2390
2409
2435
2455
